s1_doc_f1:24.64812211905234
s1_men_coref_avg:0.0
s1_answered:100.0
s2_inc_accuracy:26.37913741223671
s2_inc_rmse:6.131703954052285
s2_doc_f1:30.50732394624457
s2_men_coref_avg:0.0
s2_answered:100.0
s3_inc_accuracy:30.41530944625407
s3_inc_rmse:478.71837671219015
s3_doc_f1:26.792882122438627
s3_men_coref_avg:0.0
s3_answered:100.0